Qatar[Ecuador[20/11/2022[10 AM[0[2[5[6[47%[52.9%[434[486[15[15[4[2[0[0[3[4[1[3
Inglaterra[Iran[21/11/2022[4 AM[6[2[13[8[78.1%[21.9%[797[215[9[14[0[2[0[0[2[2[8[0
Senegal[Paises Bajos[21/11/2022[10 AM[0[2[15[10[46.7%[53.3%[385[436[13[13[2[1[0[0[2[1[6[7
Estados Unidos[Gales[21/11/2022[1 PM[1[1[6[7[58.9%[41.1%[567[403[15[10[4[2[0[0[1[1[5[3
Argentina[Arabia Saudi[22/11/2022[4 AM[1[2[15[3[69.1%[30.9%[596[266[7[21[0[6[0[0[10[1[9[2
Dinamarca[Tunez[22/11/2022[7 AM[0[0[11[13[44.2%[55.8%[595[374[9[10[2[1[0[0[1[2[11[9
Mexico[Polonia[22/11/2022[10 AM[0[0[11[6[60.6%[39.4%[487[322[14[15[2[1[0[0[3[0[6[5
Francia[Australia[22/11/2022[1 PM[4[1[23[4[62.4%[37.6%[723[440[5[11[0[3[0[0[0[0[8[1
Marruecos[Croacia[23/11/2022[4 AM[0[0[8[5[35.2%[64.8%[348[642[16[11[1[0[0[0[0[1[0[5
Alemania[Japon[23/11/2022[7 AM[1[2[26[12[73.9%[26.1%[771[269[6[14[0[0[0[0[4[4[6[6
Espania[Costa Rica[23/11/2022[10 AM[7[0[17[0[81.9%[18.1%[1045[230[8[12[0[2[0[0[3[7[5[0
Belgica[Canada[23/11/2022[1 PM[1[0[9[12[53.8%[46.2%[520[429[11[14[3[2[0[0[0[1[4[4
Suiza[Camerun[24/11/2022[4 AM[1[0[7[8[50.8%[49.2%[514[494[12[10[2[1[0[0[2[2[11[5
Uruguay[Corea del Sur[24/11/2022[7 AM[0[0[10[7[56.1%[43.9%[548[418[7[10[1[1[0[0[1[0[4[3
Portugal[Ghana[24/11/2022[10 AM[3[2[11[9[61.8%[38.2%[622[387[14[19[2[4[0[0[1[1[3[3
Brasil[Serbia[24/11/2022[1 PM[2[0[23[5[58.7%[41.3%[581[406[7[12[0[3[0[0[1[0[6[4
Gales[Iran[25/11/2022[4 AM[0[2[10[21[61.9%[38.1%[501[298[9[10[1[2[1[0[2[2[2[7
Qatar[Senegal[25/11/2022[7 AM[1[3[10[13[45.3%[54.7%[406[502[7[12[3[3[0[0[4[3[6[6
Paises Bajos[Ecuador[25/11/2022[10 AM[1[1[2[15[54.4%[45.6%[506[413[15[12[0[1[0[0[1[4[2[5
Inglaterra[Estados Unidos[25/11/2022[1 PM[0[0[8[10[55.5%[44.5%[541[421[9[15[0[0[0[0[1[0[3[7
Tunez[Australia[26/11/2022[4 AM[0[1[14[9[58.1%[41.9%[497[351[16[15[3[0[0[0[3[0[5[2
Polonia[Arabia Saudi[26/11/2022[7 AM[2[0[9[16[36.0%[64.0%[297[537[18[15[3[2[0[0[0[0[4[5
Francia[Dinamarca[26/11/2022[10 AM[2[1[21[10[48.5%[51.5%[491[528[4[9[1[2[0[0[1[1[6[4
Argentina[Mexico[26/11/2022[1 PM[2[0[5[4[58.5%[41.5%[528[370[15[19[1[4[0[0[2[4[4[2
Japon[Costa Rica[27/11/2022[4 AM[0[1[13[4[56.8%[43.2%[582[443[22[9[3[3[0[0[0[2[5[0
Belgica[Marruecos[27/11/2022[7 AM[0[2[10[10[66.7%[33.3%[652[328[10[14[1[1[0[0[3[3[9[1
Croacia[Canada[27/11/2022[10 AM[4[1[13[8[48.2%[51.8%[443[473[13[5[2[2[0[0[1[3[5[2
Espania[Alemania[27/11/2022[1 PM[1[1[7[11[64.1%[35.9%[634[344[13[11[1[3[0[0[2[5[6[5
Camerun[Serbia[28/11/2022[4 AM[3[3[13[15[40.8%[59.2%[340[503[8[13[2[2[0[0[0[4[4[3
Corea del Sur[Ghana[28/11/2022[7 AM[2[3[22[7[63.1%[36.9%[528[320[13[9[2[2[0[0[1[1[12[5
Brasil[Suiza[28/11/2022[10 AM[1[0[13[6[53.7%[46.3%[550[482[10[17[1[1[0[0[3[1[8[3
Portugal[Uruguay[28/11/2022[1 PM[2[0[15[11[59.7%[40.3%[603[403[10[16[3[2[0[0[3[0[6[2
Ecuador[Senegal[29/11/2022[9 AM[1[2[9[14[61.1%[38.9%[434[267[23[11[0[1[0[0[0[3[3[6
Paises Bajos[Qatar[29/11/2022[9 AM[2[0[13[5[63.0%[37.0%[783[452[19[9[1[0[0[0[5[0[4[2
Iran[Estados Unidos[29/11/2022[1 PM[0[1[4[12[49.2%[50.8%[466[474[14[10[3[1[0[0[2[1[1[5
Gales[Inglaterra[29/11/2022[1 PM[0[3[7[18[35.4%[64.6%[329[594[16[9[2[0[0[0[1[1[1[6
Australia[Dinamarca[30/11/2022[9 AM[1[0[8[13[31.2%[68.8%[304[664[11[10[2[1[0[0[1[3[2[6
Tunez[Francia[30/11/2022[9 AM[1[0[5[10[34.1%[65.9%[312[622[14[6[1[0[0[0[3[2[7[8
Arabia Saudi[Mexico[30/11/2022[1 PM[1[2[10[26[39.3%[60.7%[287[426[20[18[6[1[0[0[2[6[1[8
Polonia[Argentina[30/11/2022[1 PM[0[2[4[23[26.7%[73.3%[317[868[6[11[1[1[0[0[0[1[1[9
Croacia[Belgica[01/12/2022[9 AM[0[0[11[16[48.4%[51.6%[554[593[7[9[0[1[0[0[4[0[2[4
Canada[Marruecos[01/12/2022[9 AM[1[2[5[6[58.8%[41.2%[524[373[14[14[4[0[0[0[4[4[6[2
Costa Rica[Alemania[01/12/2022[1 PM[4[2[8[32[31.9%[68.1%[337[713[3[9[1[0[0[0[4[3[1[14
Japon[Espania[01/12/2022[1 PM[2[1[6[12[17.7%[82.3%[228[1058[9[6[3[0[0[0[2[2[0[2
Corea del Sur[Portugal[02/12/2022[9 AM[2[1[13[13[38.5%[61.5%[357[574[9[10[2[0[0[0[1[5[5[4
Ghana[Uruguay[02/12/2022[9 AM[0[2[10[12[50.5%[49.5%[432[433[18[11[2[5[0[0[2[2[5[2
Camerun[Brasil[02/12/2022[1 PM[1[0[7[21[35.2%[64.8%[299[541[14[14[3[2[1[0[0[1[3[11
Serbia[Suiza[02/12/2022[1 PM[2[3[12[14[53.6%[46.4%[466[415[18[14[7[4[0[0[0[0[2[0
Paises Bajos[Estados Unidos[03/12/2022[9 AM[3[1[11[17[41.6%[58.4%[414[569[10[5[2[0[0[0[0[3[4[5
Argentina[Australia[03/12/2022[1 PM[2[1[14[5[60.7%[39.3%[695[435[8[15[0[2[0[0[3[0[1[3
Francia[Polonia[04/12/2022[9 AM[3[1[16[12[54.9%[45.1%[551[456[10[8[1[2[0[0[3[1[7[1
Inglaterra[Senegal[04/12/2022[1 PM[3[0[8[10[61.3%[38.7%[589[368[16[12[0[1[0[0[0[0[3[3
Japon[Croacia[05/12/2022[9 AM[1[1[13[17[41.8%[58.2%[524[725[13[16[0[2[0[0[3[0[8[5
Brasil[Corea del Sur[05/12/2022[1 PM[4[1[18[8[53.4%[46.6%[609[529[8[13[0[1[0[0[0[5[5[4
Marruecos[Espania[06/12/2022[9 AM[0[0[6[13[23.2%[76.8%[305[1019[15[14[1[1[0[0[5[4[0[8
Portugal[Suiza[06/12/2022[1 PM[6[1[15[10[47.8%[52.2%[449[488[12[10[0[2[0[0[3[3[6[6
Croacia[Brasil[09/12/2022[9 AM[1[1[9[21[50.5%[49.5%[694[684[22[24[2[3[0[0[3[3[3[7
Paises Bajos[Argentina[09/12/2022[1 PM[2[2[6[14[51.9%[48.1%[634[602[30[18[6[8[1[0[1[2[2[8
